0 0
30 0
60 0
90 0
120 0
150 0
180 0
210 0
240 0
270 0
300 0
330 0
360 0
390 0
420 0
450 0
480 0
510 0
540 0
570 0
600 0
630 0
660 0
690 0
720 0
750 0
780 0
810 0
840 0
870 0
900 0
930 0
960 0
990 0
990 30
990 60
990 90
990 120
990 150
990 180
990 210
990 240
990 270
990 300
990 330
990 360
990 390
990 420
990 450
990 480
990 510
990 540
990 570
990 600
990 630
990 660
990 690
990 720
990 750
990 780
990 810
990 840
990 870
990 900
990 930
990 960
990 990
990 1020
990 1050
990 1080
990 1110
990 1140
990 1170
990 1200
990 1230
990 1260
990 1290
990 1320
990 1350
990 1380
990 1410
990 1440
990 1470
990 1500
990 1530
990 1560
990 1590
990 1620
990 1650
990 1680
990 1710
990 1740
990 1770
990 1800
990 1830
990 1860
0 30
0 60
0 90
0 120
0 150
0 180
0 210
0 240
0 270
0 300
0 330
0 360
0 390
0 420
0 450
0 480
0 510
0 540
0 570
0 600
0 630
0 660
0 690
0 720
0 750
0 780
0 810
0 840
0 870
0 900
0 930
0 960
0 990
0 1020
0 1050
0 1080
0 1110
0 1140
0 1170
0 1200
0 1230
0 1260
0 1290
0 1320
0 1350
0 1380
0 1410
0 1440
0 1470
0 1500
0 1530
0 1560
0 1590
0 1620
0 1650
0 1680
0 1710
0 1740
0 1770
0 1800
0 1830
0 1860
0 1890
30 1890
60 1890
90 1890
120 1890
150 1890
180 1890
210 1890
240 1890
270 1890
300 1890
330 1890
360 1890
390 1890
420 1890
450 1890
480 1890
510 1890
540 1890
570 1890
600 1890
630 1890
660 1890
690 1890
720 1890
750 1890
780 1890
810 1890
840 1890
870 1890
900 1890
930 1890
960 1890
990 1890
870 150
870 180
870 210
870 240
870 270
870 300
870 330
870 360
870 390
870 420
870 450
870 480
870 510
870 540
870 570
870 600
870 630
870 660
870 690
870 720
870 750
870 780
870 810
870 840
870 870
870 900
870 930
870 960
870 990
870 1020
870 1050
870 1080
870 1110
870 1140
870 1170
870 1200
870 1230
870 1260
870 1290
870 1320
870 1350
870 1380
870 1410
870 1440
870 1470
870 1500
870 1530
870 1560
870 1590
870 1620
870 1650
870 1680
870 1710
870 1740
870 1770
870 1800
870 1830
870 1860
870 1890
870 1920
870 1950
870 1980
750 30
750 60
750 90
750 120
750 150
750 180
750 210
750 240
750 270
750 300
750 330
750 360
750 390
750 420
750 450
750 480
750 510
750 540
750 570
750 600
750 630
750 660
750 690
750 720
750 750
750 780
750 810
750 840
750 870
750 900
750 930
750 960
750 990
750 1020
750 1050
750 1080
750 1110
750 1140
750 1170
750 1200
750 1230
750 1260
750 1290
750 1320
750 1350
750 1380
750 1410
750 1440
750 1470
750 1500
750 1530
750 1560
750 1590
750 1620
750 1650
750 1680
750 1710
630 150
630 180
630 210
630 240
630 270
630 300
630 330
630 360
630 390
630 420
630 450
630 480
630 510
630 540
630 570
630 600
630 630
630 660
630 690
630 720
630 750
630 780
630 810
630 840
630 870
630 900
630 930
630 960
630 990
630 1020
630 1050
630 1080
630 1110
630 1140
630 1170
630 1200
630 1230
630 1260
630 1290
630 1320
630 1350
630 1380
630 1410
630 1440
630 1470
630 1500
630 1530
630 1560
630 1590
630 1620
630 1650
630 1680
630 1710
630 1740
630 1770
630 1800
630 1830
630 1860
630 1890
630 1920
630 1950
630 1980
510 30
510 60
510 90
510 120
510 150
510 180
510 210
510 240
510 270
510 300
510 330
510 360
510 390
510 420
510 450
510 480
510 510
510 540
510 570
510 600
510 630
510 660
510 690
510 720
510 750
510 780
510 810
510 840
510 870
510 900
510 930
510 960
510 990
510 1020
510 1050
510 1080
510 1110
510 1140
510 1170
510 1200
510 1230
510 1260
510 1290
510 1320
510 1350
510 1380
510 1410
510 1440
510 1470
510 1500
510 1530
510 1560
510 1590
510 1620
510 1650
510 1680
510 1710
390 150
390 180
390 210
390 240
390 270
390 300
390 330
390 360
390 390
390 420
390 450
390 480
390 510
390 540
390 570
390 600
390 630
390 660
390 690
390 720
390 750
390 780
390 810
390 840
390 870
390 900
390 930
390 960
390 990
390 1020
390 1050
390 1080
390 1110
390 1140
390 1170
390 1200
390 1230
390 1260
390 1290
390 1320
390 1350
390 1380
390 1410
390 1440
390 1470
390 1500
390 1530
390 1560
390 1590
390 1620
390 1650
390 1680
390 1710
390 1740
390 1770
390 1800
390 1830
390 1860
390 1890
390 1920
390 1950
390 1980
270 30
270 60
270 90
270 120
270 150
270 180
270 210
270 240
270 270
270 300
270 330
270 360
270 390
270 420
270 450
270 480
270 510
270 540
270 570
270 600
270 630
270 660
270 690
270 720
270 750
270 780
270 810
270 840
270 870
270 900
270 930
270 960
270 990
270 1020
270 1050
270 1080
270 1110
270 1140
270 1170
270 1200
270 1230
270 1260
270 1290
270 1320
270 1350
270 1380
270 1410
270 1440
270 1470
270 1500
270 1530
270 1560
270 1590
270 1620
270 1650
270 1680
270 1710
150 150
150 180
150 210
150 240
150 270
150 300
150 330
150 360
150 390
150 420
150 450
150 480
150 510
150 540
150 570
150 600
150 630
150 660
150 690
150 720
150 750
150 780
150 810
150 840
150 870
150 900
150 930
150 960
150 990
150 1020
150 1050
150 1080
150 1110
150 1140
150 1170
150 1200
150 1230
150 1260
150 1290
150 1320
150 1350
150 1380
150 1410
150 1440
150 1470
150 1500
150 1530
150 1560
150 1590
150 1620
150 1650
150 1680
150 1710
150 1740
150 1770
150 1800
150 1830
150 1860
150 1890
150 1920
150 1950
150 1980
