0 0
30 0
60 0
90 0
120 0
150 0
180 0
210 0
240 0
270 0
300 0
330 0
360 0
390 0
420 0
450 0
480 0
510 0
540 0
570 0
600 0
630 0
660 0
690 0
720 0
750 0
780 0
810 0
840 0
870 0
900 0
930 0
960 0
990 0
150 0
150 30
150 60
150 90
150 1800
150 1830
0 0
0 30
0 60
0 90
0 120
0 150
0 180
0 210
0 240
0 270
0 300
0 330
0 360
0 390
0 420
0 450
0 480
0 510
0 540
0 570
0 600
0 630
0 660
0 690
0 720
0 750
0 780
0 810
0 840
0 870
0 900
0 930
0 960
0 990
0 1020
0 1050
0 1080
0 1110
0 1140
0 1170
0 1200
0 1230
0 1260
0 1290
0 1320
0 1350
0 1380
0 1410
0 1440
0 1470
0 1500
0 1530
0 1560
0 1590
0 1620
0 1650
0 1680
0 1710
0 1740
0 1770
0 1800
0 1830
0 1860
30 1860
60 1860
90 1860
120 1860
150 1860
180 1860
210 1860
240 1860
270 1860
300 1860
330 1860
360 1860
390 1860
420 1860
450 1860
480 1860
510 1860
540 1860
570 1860
600 1860
630 1860
660 1860
690 1860
720 1860
750 1860
780 1860
810 1860
840 1860
870 1860
900 1860
930 1860
960 1860
990 1860
990 0
990 30
990 60
990 90
990 120
990 150
990 180
990 210
990 240
990 270
990 300
990 330
990 360
990 390
990 420
990 450
990 1410
990 1440
990 1470
990 1500
990 1530
990 1560
990 1590
990 1620
990 1650
990 1680
990 1710
990 1740
990 1770
990 1800
990 1830
750 510
750 540
750 570
750 600
750 630
750 660
750 690
750 720
750 750
750 780
750 810
750 840
750 870
750 900
750 930
750 960
750 990
750 1020
750 1050
750 1080
750 1110
750 1140
750 1170
750 1200
750 1230
750 1260
750 1290
750 1320
750 1350
750 1380
690 570
540 450
390 330
450 600
450 840
300 690
240 1830
240 1860
240 1590
240 1620
240 960
240 990
540 1140
540 1170
690 570
